14
0 2
16
3 7 25 27 30 33 45 46 49 52 58 63 69 77 84 93 
2 20
16
0 2 14 25 27 30 33 46 49 52 56 62 63 69 75 84 
20 34
16
0 2 14 25 27 30 33 37 43 46 49 52 56 62 69 75 
34 42
16
0 14 25 27 30 33 37 43 46 49 52 56 69 75 81 85 
42 48
16
25 26 30 33 37 43 46 49 52 56 69 75 81 85 87 95 
48 49
16
9 13 26 28 30 32 37 43 49 52 53 55 67 68 69 90 
50 59
15
1 10 11 12 19 20 23 38 42 59 71 72 74 78 82 
59 64
15
1 10 11 17 20 23 24 35 42 51 59 66 72 78 82 
64 66
15
5 8 11 17 20 21 23 35 39 40 59 66 72 79 82 
66 80
16
5 8 11 16 17 18 20 23 35 39 40 59 66 72 79 82 
80 83
16
4 5 8 11 16 17 20 23 35 40 59 66 72 79 82 86 
83 90
16
4 5 8 11 16 17 20 23 35 40 59 66 72 79 82 89 
90 96
16
4 5 8 11 16 17 23 35 40 59 65 66 72 79 82 91 
96 101
16
5 8 15 16 17 29 34 36 40 47 60 73 79 80 82 88 
