10
0 4
14
16 20 21 30 37 41 42 46 47 52 57 73 75 78 
4 19
15
2 6 11 13 15 16 24 26 41 45 47 57 66 73 76 
19 22
15
18 23 26 40 41 44 47 54 57 61 68 70 73 76 79 
26 31
15
10 19 29 32 35 39 50 51 58 59 63 71 74 77 81 
31 40
15
3 8 14 19 27 29 32 38 39 51 58 59 64 74 81 
40 49
16
3 5 7 14 19 28 29 32 39 49 51 58 60 67 69 81 
49 54
16
1 3 4 17 19 33 39 49 51 56 60 65 67 69 72 80 
54 61
16
1 4 9 12 19 22 31 33 39 48 51 56 62 67 72 82 
61 64
16
0 9 12 19 22 31 33 36 39 43 48 51 53 62 67 82 
64 78
15
0 9 19 22 25 31 33 36 39 43 48 51 53 55 62 
