16
0 4
12
1 8 12 17 21 27 29 36 46 53 74 93 
4 8
12
4 8 16 25 31 38 43 51 63 70 74 78 
8 12
12
8 13 40 43 51 62 65 70 74 77 84 87 
12 23
12
51 58 62 65 68 70 74 81 85 87 94 98 
23 28
11
0 33 42 51 57 62 68 70 74 87 98 
30 32
12
2 9 15 19 24 50 55 61 66 73 82 95 
32 35
12
2 7 15 19 30 45 50 54 61 82 89 95 
35 40
12
2 7 28 30 37 52 59 61 71 89 91 99 
40 46
12
3 7 18 23 34 37 52 72 76 80 91 99 
46 52
12
7 23 39 48 52 67 76 80 83 91 96 99 
52 59
12
7 20 41 49 60 64 76 80 83 90 96 97 
59 66
12
10 14 22 41 44 60 64 76 80 83 90 96 
66 68
12
22 41 60 64 69 75 76 80 83 90 92 96 
68 80
12
6 41 60 64 69 75 76 80 83 86 92 96 
80 81
12
5 6 41 60 64 69 75 79 80 86 92 96 
81 88
12
5 6 11 26 32 35 47 56 60 88 92 96 
