11
0 7
13
0 1 3 14 25 28 31 34 37 41 42 48 49 
7 9
11
0 1 8 11 14 25 31 36 42 47 52 
10 20
16
4 6 7 9 13 18 19 22 23 26 29 35 38 39 43 46 
20 23
16
4 6 7 10 16 17 20 23 26 29 32 35 38 39 43 46 
23 26
16
4 6 7 10 16 17 20 23 26 29 32 35 38 39 43 46 
26 43
16
4 6 7 12 16 17 20 23 26 29 32 35 38 39 43 46 
43 82
16
4 6 7 15 16 17 20 23 26 29 32 35 38 39 43 46 
82 85
16
4 6 7 15 16 17 20 23 26 29 32 35 38 39 43 46 
85 86
16
4 6 7 17 20 23 26 29 32 35 38 39 43 45 46 53 
86 88
16
4 6 7 17 20 23 26 27 29 32 35 38 39 43 45 46 
88 90
15
2 4 5 6 7 17 20 29 32 38 39 40 43 46 50 
