10
0 5
15
11 13 15 17 20 27 31 41 55 56 61 71 75 79 95 
5 13
16
1 7 11 13 15 17 19 23 27 28 33 37 39 44 48 54 
13 19
16
1 11 13 15 17 19 23 27 33 34 39 45 46 51 72 84 
19 27
16
1 8 11 13 15 17 19 23 25 33 35 39 43 46 49 82 
27 38
16
1 8 11 13 15 17 19 23 25 29 33 35 39 43 46 50 
38 45
16
8 11 13 15 19 23 25 29 33 35 43 46 50 58 64 70 
45 48
16
0 8 11 13 15 16 22 24 25 29 33 35 43 46 50 68 
48 56
16
0 8 12 13 15 16 18 24 25 29 33 35 38 43 46 50 
56 57
12
10 13 15 18 24 32 36 40 52 83 89 94 
59 68
15
9 14 21 26 30 42 53 62 63 65 67 76 77 78 85 
