16
0 3
10
4 6 8 15 22 33 42 46 50 61 
3 14
10
4 7 8 15 21 33 42 45 50 58 
14 18
10
8 17 21 32 33 42 48 50 58 62 
18 26
10
8 17 20 21 32 33 35 42 50 58 
26 31
10
8 12 17 20 32 33 38 42 51 58 
33 35
9
0 2 10 16 30 41 47 54 63 
35 38
9
0 2 5 10 14 16 30 41 55 
38 47
9
0 2 5 10 14 18 24 29 30 
47 56
10
0 2 5 14 18 23 24 30 59 66 
56 61
10
2 5 13 14 18 23 24 30 57 71 
61 67
10
13 14 18 23 24 30 52 56 67 68 
67 77
10
14 18 26 30 39 43 52 53 56 60 
77 79
10
14 27 31 36 39 49 52 53 56 60 
79 103
10
11 27 36 39 44 49 52 53 56 60 
103 107
10
1 9 11 27 36 39 44 49 53 64 
107 111
9
1 3 27 34 39 44 49 65 69 
