13
0 4
16
4 7 19 25 26 33 42 50 56 57 82 83 87 91 97 101 
4 7
15
5 19 25 31 32 40 41 56 60 67 82 83 87 91 100 
7 13
16
6 19 24 34 56 58 70 76 79 81 82 83 87 91 94 104 
13 20
16
3 6 21 24 27 34 43 44 56 61 82 83 86 87 91 98 
23 28
15
18 23 28 35 54 63 66 68 73 74 80 89 93 95 102 
28 31
16
8 23 35 37 53 63 66 68 71 74 77 80 84 89 93 95 
31 38
16
8 23 35 53 63 66 68 71 74 77 80 84 89 93 95 96 
38 48
16
8 22 23 35 36 62 66 68 71 74 77 80 84 89 93 95 
48 58
15
8 22 38 55 66 68 71 74 77 80 84 89 90 93 95 
58 62
16
8 22 38 55 65 66 68 71 74 77 80 84 89 90 93 95 
62 66
16
8 22 39 55 65 66 68 71 74 77 80 84 89 90 93 95 
66 71
16
0 8 20 55 65 66 68 71 74 77 80 84 89 90 95 105 
71 72
16
1 2 8 20 29 49 55 59 64 78 84 88 90 92 99 105 
