10
0 5
16
0 1 6 12 15 22 28 31 34 38 41 44 45 46 68 80 
5 28
16
0 1 6 9 12 15 22 25 28 31 34 38 41 45 51 68 
28 37
16
3 5 8 9 12 15 18 22 25 28 31 34 38 41 45 64 
37 42
16
3 5 7 8 9 12 15 18 22 25 28 31 34 38 41 64 
42 72
16
3 5 7 8 9 12 15 18 22 25 28 31 38 41 52 64 
72 76
16
3 5 7 8 12 15 18 25 28 30 31 38 41 52 64 84 
76 77
15
3 7 12 17 18 25 28 30 33 38 41 52 60 67 84 
78 98
15
2 19 20 21 35 36 43 48 55 61 65 71 72 75 79 
98 116
16
2 19 20 21 35 36 43 49 55 61 65 69 71 72 75 81 
116 121
16
19 26 27 35 40 42 43 55 57 62 69 71 72 75 82 85 
