12
0 3
16
8 14 16 21 23 29 30 31 32 35 43 46 49 60 61 62 
3 10
16
5 12 13 16 23 28 30 31 32 35 40 43 46 49 61 62 
10 14
16
0 5 7 12 13 16 23 28 30 31 32 35 40 61 62 71 
14 22
16
0 2 7 13 16 22 30 31 32 35 36 40 52 61 62 71 
22 23
16
1 3 6 15 16 18 24 30 31 32 37 51 52 64 68 86 
24 28
15
19 20 25 34 39 50 55 58 66 69 70 72 74 75 77 
28 30
16
17 20 34 39 41 50 55 56 59 66 69 72 75 77 81 90 
30 32
16
17 20 34 39 41 50 55 56 59 66 69 72 75 77 81 91 
32 42
16
17 20 34 41 44 47 50 53 56 59 66 69 72 75 78 81 
42 62
16
33 38 41 44 47 50 53 56 59 65 66 69 72 75 78 81 
62 68
16
33 38 41 44 47 50 53 56 59 63 69 72 75 78 81 85 
68 69
15
4 38 41 44 48 56 63 69 72 73 75 78 80 81 88 
