12
0 3
14
5 7 17 19 35 38 45 50 64 70 77 89 98 102 
3 9
15
17 20 28 31 35 46 50 52 56 64 73 77 86 90 98 
9 16
15
4 17 21 26 32 50 52 56 64 71 77 85 90 97 104 
16 17
15
3 10 12 17 24 25 29 33 44 61 64 71 77 83 103 
19 24
15
2 8 11 15 22 23 27 40 41 51 60 68 76 80 88 
24 27
15
16 22 30 41 42 47 51 54 59 68 72 79 84 88 96 
27 34
15
13 14 41 42 47 51 55 58 68 72 79 81 84 88 93 
34 39
15
14 42 47 51 55 62 66 69 72 79 81 84 88 91 95 
39 46
15
39 43 48 51 55 63 65 69 72 78 81 84 88 91 95 
46 76
15
43 48 51 53 57 63 65 69 72 78 82 84 88 92 95 
76 77
15
1 9 34 37 48 53 63 65 69 74 78 82 88 99 101 
77 80
14
0 6 18 36 49 63 67 75 78 82 87 88 94 100 
