16
0 4
16
1 10 15 28 38 40 43 51 66 74 88 94 95 99 106 109 
4 5
16
1 10 11 36 43 46 60 66 74 85 88 94 95 99 107 115 
5 21
16
1 10 11 24 45 46 59 66 74 85 88 95 99 102 107 115 
21 27
16
1 10 11 27 32 41 46 66 74 88 95 99 102 107 110 115 
27 33
15
10 12 26 32 41 55 66 74 82 90 93 99 102 113 115 
33 36
16
4 10 12 21 32 50 55 75 78 87 89 93 99 104 114 115 
36 41
14
3 10 13 32 44 50 78 87 93 98 99 105 114 115 
44 48
16
0 8 16 25 30 37 54 61 67 68 76 80 86 92 101 108 
48 51
16
0 8 23 30 37 48 57 58 64 68 73 76 86 92 100 108 
51 59
16
0 8 22 23 30 37 58 62 68 72 81 84 92 96 100 103 
59 61
16
0 8 17 22 31 37 47 58 62 68 69 70 77 84 92 97 
61 72
16
0 9 17 31 35 42 47 53 58 62 68 69 70 71 77 84 
72 78
16
2 7 9 18 19 29 33 39 42 65 69 70 71 77 79 83 
78 85
16
7 9 18 19 29 33 39 42 52 63 69 70 71 77 79 83 
85 97
16
5 6 9 18 19 34 39 42 52 69 70 71 77 79 83 91 
97 99
16
5 6 9 14 18 20 34 39 42 49 56 69 70 77 111 112 
