10
0 5
12
1 8 14 17 18 20 27 30 33 37 48 50 
5 34
14
0 2 5 8 11 14 17 20 27 30 33 37 45 54 
34 38
14
3 5 8 11 14 20 27 30 33 37 39 45 54 56 
38 39
13
8 11 14 15 20 27 30 37 38 39 45 54 56 
40 49
12
4 7 9 10 16 19 32 35 40 44 46 59 
49 57
16
21 24 29 35 40 43 44 46 47 49 52 53 55 57 58 59 
57 98
16
21 24 35 40 42 43 44 46 47 49 51 53 55 57 58 59 
98 100
16
21 23 24 25 35 36 40 42 43 44 46 47 51 53 57 59 
100 104
16
6 13 21 23 26 31 36 40 41 42 43 44 46 51 53 59 
104 108
15
12 13 21 23 26 34 36 40 41 42 43 44 46 51 53 
