15
0 2
9
2 9 36 40 42 50 54 65 72 
2 23
9
27 36 54 65 72 73 76 78 79 
23 33
9
8 17 23 35 54 59 65 72 73 
33 44
9
7 19 30 54 61 64 65 72 73 
44 49
9
7 26 32 33 54 55 65 72 73 
49 55
9
7 26 32 51 54 58 65 72 73 
69 82
9
3 22 57 60 63 66 67 70 80 
82 87
9
52 57 60 63 66 67 70 74 77 
87 104
9
18 52 57 60 63 66 67 70 74 
104 111
9
47 52 57 60 63 66 67 70 74 
111 123
9
34 52 57 60 63 66 67 70 74 
123 136
9
1 52 57 60 63 66 67 70 74 
136 149
9
16 46 52 57 60 63 66 70 74 
156 168
9
0 5 14 20 25 49 69 81 82 
168 174
9
0 5 10 20 25 56 69 81 82 
