15
0 6
12
7 8 12 17 26 29 31 40 57 86 91 94 
6 23
11
0 8 12 14 17 26 28 31 40 45 94 
23 38
12
2 8 12 14 20 28 36 40 42 45 50 55 
38 44
11
4 8 16 19 40 45 55 58 65 68 92 
44 66
11
1 16 19 40 43 45 51 58 66 68 74 
66 70
11
13 19 35 37 43 46 53 58 66 73 85 
70 80
12
19 25 35 37 43 46 58 64 67 73 79 87 
80 81
12
19 35 38 46 54 60 64 69 75 83 87 88 
81 89
12
10 22 35 38 47 49 54 64 69 84 87 88 
90 99
12
3 6 11 18 23 33 39 41 61 63 70 90 
99 108
11
6 18 21 23 27 33 39 72 76 90 93 
108 118
12
6 9 18 24 27 30 39 56 72 80 89 95 
118 129
12
5 9 15 27 30 39 44 48 52 56 71 78 
129 134
11
5 27 34 39 44 48 52 59 71 77 82 
134 151
10
5 32 48 52 59 62 71 77 81 96 
