10
0 9
13
5 10 12 19 21 23 24 25 36 37 46 48 51 
9 32
14
5 8 10 21 24 25 28 36 37 40 48 49 51 59 
32 36
14
5 8 10 21 24 25 28 36 37 40 48 51 52 59 
36 54
13
0 3 7 9 11 21 24 28 30 36 37 48 51 
56 69
13
6 17 22 26 31 34 38 41 44 47 50 54 57 
69 95
14
6 20 22 26 27 31 34 38 41 44 47 50 54 57 
95 105
14
6 18 20 22 26 31 34 38 41 44 47 50 54 57 
105 114
14
2 20 22 26 31 34 38 41 44 47 50 54 56 57 
114 119
14
2 4 15 20 22 31 38 47 50 53 54 55 56 57 
119 122
14
1 2 4 20 22 31 35 38 39 47 50 54 56 57 
