14
0 3
9
4 10 14 17 20 23 26 27 30 
3 69
10
4 6 7 10 11 14 17 20 23 26 
69 73
10
4 7 8 11 14 17 20 23 26 45 
73 88
10
3 4 7 8 11 14 17 20 23 26 
88 132
10
4 7 8 9 11 14 17 20 23 26 
132 139
10
4 8 9 11 14 17 20 23 26 32 
139 147
10
2 8 11 17 18 20 23 26 32 35 
147 150
10
2 8 17 23 26 33 35 43 47 56 
150 152
10
2 15 17 23 28 34 38 47 52 56 
152 153
10
17 21 23 28 34 38 42 47 52 56 
157 170
10
0 1 5 13 16 29 41 49 51 55 
170 173
10
0 1 5 16 25 29 39 41 48 50 
173 177
10
1 5 16 25 29 37 40 44 48 53 
177 184
10
1 16 19 22 24 31 36 40 46 54 
