9
0 5
16
7 18 20 23 26 30 32 38 41 42 44 47 51 63 66 72 
5 22
16
0 8 14 17 20 23 26 30 42 48 51 54 57 60 63 66 
22 35
16
0 5 8 14 17 20 23 26 45 48 51 54 57 60 63 66 
35 59
16
1 5 11 17 20 23 26 33 39 45 48 54 57 60 63 66 
59 64
16
2 5 11 20 23 26 29 33 36 39 45 48 57 60 63 66 
64 65
16
11 24 29 33 36 39 45 48 49 50 60 63 70 71 80 83 
68 70
15
10 13 15 16 19 22 25 35 56 59 65 69 73 76 79 
70 71
16
10 12 13 16 19 22 35 56 62 65 68 69 73 74 75 76 
71 73
16
3 4 10 13 16 19 22 34 35 53 56 62 69 74 78 81 
