12
0 12
14
6 13 28 34 45 47 52 58 62 72 85 92 99 105 
12 16
16
4 13 22 25 29 32 45 47 53 58 65 72 85 99 107 108 
16 19
15
5 14 20 25 29 32 41 47 53 58 65 72 81 85 93 
19 27
15
7 20 25 29 32 41 47 53 59 65 71 77 85 94 104 
27 30
16
7 15 17 24 29 35 42 47 54 59 63 70 84 90 97 106 
30 36
16
1 10 17 24 29 37 39 48 50 56 63 67 75 86 95 103 
36 41
16
2 9 19 23 27 33 39 48 49 57 61 67 74 87 89 100 
41 47
16
2 9 18 23 26 33 40 48 49 57 61 68 74 83 89 98 
47 48
16
0 12 18 23 26 31 43 46 49 60 61 68 78 83 89 101 
48 51
16
0 8 16 23 26 31 44 46 49 55 61 68 73 83 88 96 
51 63
16
0 8 16 23 26 31 38 46 49 55 61 66 73 82 88 96 
63 64
15
3 11 21 23 30 36 38 51 55 64 69 76 82 91 102 
