13
0 9
12
3 15 31 40 42 51 53 58 60 79 98 103 
9 22
12
26 30 31 32 36 37 40 42 53 58 60 79 
24 29
12
6 12 17 18 24 25 28 35 61 69 81 97 
31 43
12
4 39 41 44 48 56 66 70 78 80 95 99 
43 54
12
4 44 48 50 56 62 66 70 78 80 95 104 
54 70
12
4 44 48 50 52 56 66 70 78 80 95 105 
70 74
12
0 1 19 21 22 34 45 54 89 95 101 102 
77 88
12
5 46 49 65 71 73 76 83 85 86 87 96 
88 110
12
46 65 68 73 76 83 85 86 87 90 93 96 
110 114
12
46 63 68 73 76 83 85 86 87 90 93 96 
114 143
12
63 67 68 73 76 83 85 86 87 90 93 96 
143 152
12
67 68 73 76 83 85 86 87 90 93 96 106 
152 154
12
16 23 27 38 47 64 72 87 90 94 96 100 
