13
0 5
14
4 10 16 20 24 29 37 45 47 58 67 76 85 89 
5 9
14
5 13 16 20 26 29 39 45 48 61 67 74 82 91 
9 17
12
5 9 16 20 26 29 39 45 49 63 72 91 
17 28
13
5 11 16 20 28 29 36 45 49 64 70 87 91 
28 31
14
5 11 15 20 28 33 36 43 51 64 70 77 83 91 
31 34
13
5 11 15 20 28 32 36 44 46 64 70 73 90 
34 44
14
1 6 15 19 25 30 36 42 46 55 64 66 73 81 
44 52
14
1 6 14 19 23 30 40 42 46 53 57 66 75 80 
52 61
14
0 8 14 19 21 30 38 42 46 53 57 66 84 88 
61 75
14
0 8 14 18 21 31 34 42 46 52 57 65 71 78 
75 86
14
0 8 14 18 21 31 34 42 46 52 60 65 71 78 
86 88
14
2 7 17 18 22 31 35 42 46 54 59 69 78 86 
88 89
14
3 12 17 18 27 31 41 42 50 56 62 68 79 86 
