16
0 9
11
4 12 17 26 37 50 60 64 76 82 96 
9 15
11
4 12 17 26 34 49 52 64 77 82 92 
15 33
10
4 12 17 26 31 40 55 64 77 90 
33 40
10
4 17 27 31 45 55 68 77 80 93 
40 48
10
2 7 17 24 31 59 68 77 80 93 
48 77
11
2 7 15 28 36 46 61 68 75 80 93 
77 84
11
2 7 15 28 36 46 53 67 75 84 95 
84 90
10
5 9 30 36 48 58 74 83 89 94 
90 98
10
1 14 19 25 36 48 57 65 83 89 
98 102
11
0 14 20 22 32 43 51 66 71 83 91 
102 109
11
0 8 16 22 32 39 51 62 71 79 88 
109 131
11
0 8 21 22 35 39 51 62 71 79 87 
131 133
11
0 10 18 22 35 44 51 70 78 85 87 
133 135
11
3 13 18 29 38 42 54 69 78 81 87 
135 138
11
6 11 18 23 33 47 56 63 72 86 87 
138 143
11
6 11 18 23 33 41 56 73 86 87 97 
