10
0 10
14
1 5 12 17 28 29 33 39 43 50 52 63 67 69 
10 20
14
5 12 17 28 29 33 39 48 50 52 58 64 69 78 
20 27
14
0 5 12 17 28 29 33 39 47 50 52 56 64 69 
27 80
14
0 5 12 16 22 29 33 38 42 49 52 56 64 69 
80 95
14
0 14 16 22 29 33 38 42 49 52 56 64 69 71 
95 101
13
0 14 24 29 37 41 42 49 53 56 68 69 77 
101 108
14
7 13 18 25 29 36 41 42 49 54 57 66 69 73 
108 109
14
3 9 13 20 23 30 35 40 46 51 55 59 66 69 
109 113
13
11 13 19 27 31 34 40 44 55 60 66 70 72 
113 115
13
10 15 21 26 32 34 40 45 55 61 65 70 74 
