14
0 5
15
1 7 15 31 35 42 54 58 67 70 73 98 108 111 115 
5 10
14
1 7 16 22 32 40 48 55 59 64 70 78 87 104 
10 20
15
1 7 16 23 32 38 48 50 57 70 75 86 92 104 109 
20 24
16
1 7 14 27 32 38 48 50 62 63 70 75 86 97 107 116 
24 28
15
1 7 13 20 33 38 48 50 68 70 80 86 97 107 113 
28 33
16
4 7 17 24 33 38 47 50 61 68 70 74 86 97 99 117 
33 35
16
4 8 12 29 33 38 46 50 61 68 72 79 86 97 105 114 
35 50
15
4 9 12 25 33 36 41 50 56 68 72 79 82 106 110 
50 58
16
3 9 18 25 33 37 43 53 56 68 72 77 85 91 102 110 
58 69
15
2 6 19 28 33 37 49 56 68 72 77 84 94 100 112 
69 74
14
0 10 19 28 34 37 45 49 56 69 77 90 95 112 
74 86
16
0 10 19 21 34 37 45 49 56 69 71 77 89 96 103 112 
86 89
16
0 11 19 30 34 39 44 52 56 66 71 81 88 93 101 112 
89 99
15
5 11 26 34 39 44 51 60 65 71 76 83 93 101 112 
