12
0 4
14
1 12 19 31 36 54 61 72 75 87 100 113 121 122 
4 8
15
5 12 14 22 29 37 54 63 68 82 88 90 104 112 126 
8 14
13
3 10 14 22 37 55 65 73 78 96 103 114 119 
14 20
15
7 10 14 22 33 37 49 58 69 77 83 97 102 117 123 
20 26
15
4 10 16 22 30 37 51 66 71 77 83 98 115 118 120 
26 33
14
10 16 22 28 37 43 57 62 71 76 85 92 101 111 
33 42
15
2 9 15 22 28 35 40 53 60 70 76 85 93 99 111 
42 46
15
0 9 15 25 27 34 40 50 60 67 76 85 93 99 111 
46 85
15
0 8 15 21 27 34 39 50 59 67 76 84 91 99 110 
85 87
15
0 13 15 24 27 34 39 50 59 67 76 89 91 99 110 
87 89
15
0 13 18 26 32 34 48 50 64 67 80 89 91 109 116 
89 90
15
6 11 17 23 32 34 56 64 67 80 86 94 109 116 124 
