11
0 12
14
0 4 5 8 13 14 17 22 25 26 29 32 35 41 
12 50
14
0 2 5 8 11 14 17 20 23 26 29 32 37 41 
50 60
14
0 2 5 8 11 14 17 20 23 26 29 32 36 41 
60 66
14
0 2 5 8 11 14 17 20 23 26 29 32 38 39 
66 71
14
0 2 5 8 11 16 19 20 23 26 29 32 39 40 
71 72
14
0 2 7 8 11 16 19 20 23 26 29 32 34 39 
72 73
14
2 7 8 11 12 16 19 20 23 26 29 32 34 39 
73 75
14
1 3 7 10 11 16 19 20 23 28 31 32 33 39 
75 76
14
1 7 10 11 16 19 20 23 24 28 31 32 33 39 
76 77
14
1 7 10 11 16 18 19 20 23 28 31 32 33 39 
77 78
13
1 6 7 10 11 16 19 20 28 31 32 33 39 
