16
0 11
9
2 9 18 30 35 53 65 66 78 
11 18
9
2 9 18 31 35 53 65 66 78 
18 32
9
2 18 31 35 56 60 66 78 80 
32 48
9
2 10 18 31 35 52 61 66 77 
48 58
9
3 11 28 31 35 55 62 66 77 
58 75
9
1 11 23 31 35 54 62 66 79 
75 86
9
7 8 19 29 42 54 63 70 79 
86 101
9
0 8 20 29 37 51 63 70 76 
101 131
9
0 8 22 29 39 51 59 69 76 
131 145
9
0 8 17 29 38 50 59 75 76 
145 158
9
0 8 17 29 41 50 59 68 76 
158 174
9
0 8 17 29 40 50 59 68 76 
174 175
9
0 8 17 29 44 50 59 67 76 
175 210
9
0 8 17 29 36 50 59 67 76 
210 214
9
6 16 24 32 43 58 64 67 81 
214 217
9
4 13 21 34 49 58 64 71 81 
