12
0 12
12
0 12 15 21 30 38 45 49 57 69 74 83 
12 34
14
0 11 15 21 25 35 40 45 49 57 64 71 74 83 
34 41
14
0 14 18 21 25 35 40 47 49 57 64 70 74 83 
41 48
13
0 10 16 19 21 31 35 40 46 49 72 75 83 
48 54
14
2 9 16 17 21 28 35 40 46 50 61 66 77 80 
54 69
14
3 8 13 17 32 35 39 44 54 60 65 66 76 85 
69 78
14
3 7 13 17 33 35 39 44 55 62 66 73 78 84 
78 85
14
4 7 13 17 33 39 44 53 58 63 68 73 78 87 
85 99
14
6 7 13 17 27 36 41 52 59 63 67 73 79 86 
99 107
14
5 7 13 17 26 34 41 43 48 63 67 73 79 81 
107 129
14
1 7 13 17 22 26 34 43 48 56 63 67 73 79 
129 131
14
1 7 20 24 29 37 42 43 51 56 63 67 73 79 
