12
0 8
12
3 5 20 28 30 41 50 52 61 65 69 70 
8 11
14
3 5 18 28 30 39 44 50 52 57 61 65 67 69 
11 19
14
3 5 18 28 30 34 46 50 52 56 61 65 67 69 
19 23
14
3 9 18 26 31 35 47 50 51 56 63 65 67 69 
23 44
14
1 9 18 26 31 35 47 49 51 58 60 65 67 69 
44 50
14
4 9 11 18 27 31 35 48 49 51 58 60 65 67 
50 75
14
4 6 11 18 21 29 40 48 49 51 54 60 65 67 
75 79
14
4 7 11 17 24 29 38 45 49 53 54 60 64 67 
79 106
12
4 15 22 29 36 43 49 53 54 60 64 67 
106 109
14
2 8 13 19 22 32 36 49 53 55 60 66 67 71 
109 112
14
0 10 12 16 23 33 42 49 53 55 62 66 67 72 
112 118
12
0 14 25 37 49 53 55 59 66 67 68 72 
