14
0 2
15
0 4 16 26 31 64 89 95 96 100 104 109 113 114 116 
2 12
15
5 8 10 19 21 24 32 35 49 73 84 95 96 101 114 
12 15
15
5 15 19 21 24 25 35 49 73 88 94 97 117 122 123 
15 19
15
5 6 15 19 21 24 25 34 35 44 73 80 81 94 119 
19 24
15
15 19 21 24 34 35 36 46 73 78 81 86 94 106 118 
24 25
15
15 19 21 34 46 58 71 73 75 78 86 92 94 103 108 
27 31
14
1 2 12 17 22 30 38 42 65 76 79 83 90 99 
31 37
15
1 14 17 27 42 43 47 56 57 62 67 76 79 85 115 
37 42
15
1 9 14 17 33 41 42 43 47 57 68 76 79 111 121 
42 46
15
1 9 17 33 41 42 43 47 50 57 68 76 79 98 105 
46 52
15
1 9 17 33 41 42 43 47 50 57 68 76 79 98 110 
52 53
14
17 29 33 41 48 50 57 59 74 76 79 91 107 112 
54 61
15
3 7 13 28 37 39 45 54 60 63 66 69 70 72 87 
61 74
15
3 7 11 13 28 37 39 45 51 54 60 63 66 69 70 
