14
0 3
13
3 6 16 27 29 51 58 70 77 79 83 84 86 
3 13
12
1 6 16 23 29 40 45 58 67 77 79 83 
13 18
13
1 5 6 16 23 31 44 45 56 71 77 79 81 
18 26
13
1 5 6 16 26 30 41 45 59 64 77 80 81 
26 35
13
1 5 6 16 19 30 43 45 60 64 77 80 81 
35 39
13
1 5 6 16 21 30 45 60 66 77 80 81 87 
39 47
13
1 5 6 16 20 30 37 45 62 66 77 80 81 
47 52
13
5 9 14 24 34 39 50 61 65 76 80 81 85 
52 66
13
5 8 12 18 28 36 47 55 68 74 80 81 85 
66 68
13
4 7 12 18 28 38 52 55 68 73 78 82 85 
68 76
13
2 4 7 12 17 28 38 46 53 63 73 78 82 
76 95
13
2 4 7 12 17 33 35 46 53 63 73 78 82 
95 96
13
2 4 11 13 25 33 48 57 69 75 78 82 88 
96 98
13
0 4 10 15 22 32 42 49 54 72 75 78 82 
