12
0 1
14
3 8 17 21 26 33 42 48 53 58 69 75 85 92 
1 4
14
5 8 17 21 26 33 44 48 53 62 69 74 85 91 
4 19
14
5 13 17 20 26 33 44 48 51 62 69 79 80 88 
19 24
14
5 11 15 22 33 45 48 51 60 69 79 83 88 93 
24 33
14
5 7 16 22 29 36 45 48 51 60 78 86 90 93 
33 40
14
4 7 16 22 32 36 45 49 52 59 78 86 90 95 
40 53
13
4 7 14 22 32 36 43 49 55 65 67 82 97 
53 57
14
0 12 19 28 35 43 49 56 63 71 73 81 87 97 
57 65
13
6 9 19 24 25 39 43 56 64 68 81 87 97 
65 71
14
6 9 19 24 30 38 40 50 61 68 72 81 87 94 
71 83
12
2 9 19 24 27 37 46 66 77 84 87 94 
83 85
14
1 10 18 23 31 34 41 47 54 57 70 76 89 96 
