14
0 9
12
9 22 27 33 47 51 56 62 71 97 99 100 
9 10
16
0 11 22 27 31 36 47 50 56 63 71 79 81 92 97 99 
10 17
15
0 11 16 27 31 36 44 50 65 70 78 81 92 98 99 
17 24
16
4 11 20 27 31 42 44 50 58 70 76 81 91 98 99 107 
24 30
15
4 11 18 28 43 44 50 59 69 82 91 96 99 104 105 
30 38
15
4 11 21 30 38 44 52 59 69 75 80 91 94 99 105 
38 43
16
1 10 21 25 30 40 49 54 59 66 68 75 80 90 94 99 
43 53
15
2 10 25 34 40 46 54 59 64 67 85 89 94 99 102 
53 59
16
3 12 17 25 34 40 46 54 59 67 77 85 86 93 99 106 
59 68
16
3 12 17 23 32 41 45 54 57 67 73 84 87 93 99 101 
68 74
16
3 12 19 29 32 35 45 54 57 67 84 87 93 99 103 109 
74 81
15
3 8 14 24 32 37 45 54 57 60 67 74 84 88 99 
81 89
15
5 7 13 24 32 39 45 53 57 60 72 74 84 88 99 
89 94
16
5 6 15 26 32 39 48 55 57 61 72 83 88 95 99 108 
