12
0 7
13
4 14 17 24 28 34 41 47 52 77 79 87 90 
7 13
13
2 16 17 23 31 33 39 46 49 58 66 74 79 
13 16
13
6 15 21 23 30 35 40 45 50 65 76 82 86 
16 24
12
15 21 23 30 35 40 45 50 57 68 75 81 
24 32
13
5 13 20 25 29 35 38 45 50 59 75 81 92 
32 43
12
7 19 25 29 35 38 44 50 62 72 81 84 
43 48
13
3 12 18 25 26 35 38 44 50 69 72 81 83 
48 60
12
0 9 18 26 32 37 43 50 72 81 85 89 
60 73
13
1 10 18 22 26 32 37 43 48 53 64 72 81 
73 83
13
1 10 18 22 26 32 37 43 48 54 72 80 88 
83 101
13
1 11 18 22 27 32 37 42 48 55 63 73 78 
101 108
12
8 11 22 27 32 36 42 51 61 67 73 78 
