10
0 5
16
3 6 10 17 21 27 33 48 49 56 64 68 75 78 87 89 
5 12
16
0 8 10 13 22 24 28 32 45 49 59 64 69 75 79 82 
12 21
16
0 9 10 13 19 24 28 32 37 43 49 58 62 66 75 77 
21 32
16
0 5 10 13 18 24 28 32 36 42 49 55 61 65 74 77 
32 68
16
0 5 10 13 18 24 28 32 36 42 49 54 61 65 73 77 
68 77
15
1 5 14 18 25 31 32 36 42 50 54 61 65 73 77 
77 84
15
1 5 14 18 25 29 32 36 42 51 54 61 65 73 77 
84 95
16
1 5 11 15 18 25 32 36 42 51 54 61 65 73 77 88 
95 96
14
4 5 11 15 20 34 38 46 53 57 63 67 81 86 
96 101
16
2 7 12 16 23 26 35 47 52 60 63 72 76 80 83 86 
