14
0 17
11
3 7 21 37 47 56 58 68 78 85 94 
17 21
14
3 7 18 25 29 36 42 46 56 58 69 78 85 99 
21 23
14
1 10 20 25 32 36 42 46 56 58 74 80 91 96 
23 30
13
4 11 15 25 32 38 42 56 72 76 88 100 104 
30 40
13
4 6 15 25 32 38 44 55 65 70 81 92 98 
40 45
14
4 9 17 25 27 38 44 48 57 65 70 81 93 98 
45 55
14
4 5 17 25 27 38 44 49 52 61 66 81 90 98 
55 60
13
4 12 19 26 27 38 43 50 54 67 83 86 101 
60 74
14
0 12 16 24 27 35 43 50 51 59 73 79 84 101 
74 83
14
0 8 22 24 27 34 43 45 51 62 73 79 84 97 
83 89
14
0 13 22 24 30 34 40 45 51 62 73 79 97 105 
89 108
11
0 13 14 24 28 34 40 51 60 73 82 
108 115
14
2 13 23 24 28 33 41 53 64 71 82 87 102 103 
115 122
12
2 13 31 33 39 53 63 75 77 89 95 103 
