15
0 7
13
1 12 24 31 46 53 61 79 82 93 105 110 114 
7 10
14
1 12 24 30 42 46 53 61 68 76 82 93 103 113 
10 17
15
1 12 20 23 32 42 46 53 61 68 76 82 93 102 113 
17 18
15
1 9 14 23 32 40 46 56 61 71 80 82 94 101 113 
18 32
14
2 11 22 32 40 46 54 61 64 74 82 90 99 106 
32 34
14
2 7 22 33 39 46 58 62 67 74 85 95 99 111 
34 36
15
2 7 15 25 29 41 46 58 62 65 81 86 92 100 112 
36 51
14
3 6 26 29 38 48 58 62 72 78 83 89 97 112 
51 53
15
3 6 16 26 29 38 48 55 62 70 78 84 89 97 112 
53 54
15
3 10 19 26 34 44 50 55 60 66 77 88 96 97 109 
54 57
14
0 8 17 26 28 45 49 57 60 75 88 96 97 108 
57 70
13
0 8 13 21 28 37 57 59 63 73 96 97 108 
70 77
14
0 8 13 21 35 37 47 57 59 63 73 96 98 108 
77 93
15
0 5 13 21 35 37 47 52 59 63 73 87 96 98 107 
93 96
15
4 5 18 27 36 43 51 52 59 69 73 87 91 104 107 
