15
0 3
13
3 7 25 32 37 41 46 55 66 71 81 93 101 
3 7
15
5 10 16 25 32 38 41 51 60 65 76 81 91 101 104 
7 9
13
4 10 16 20 32 44 51 65 76 81 90 97 104 
9 24
14
4 9 18 22 29 39 51 56 65 72 81 94 100 104 
24 26
15
4 9 18 23 29 34 43 51 56 65 73 81 94 100 104 
26 28
15
1 12 17 26 29 35 42 51 57 68 77 83 94 100 104 
28 32
13
11 15 26 29 35 45 48 58 67 70 94 98 105 
32 37
14
11 15 19 28 35 40 48 58 64 70 79 95 98 105 
37 40
15
0 6 15 21 31 35 50 58 64 70 82 96 98 103 105 
40 48
15
2 8 15 27 30 36 52 58 64 78 85 92 99 103 105 
48 50
15
2 8 15 27 30 36 49 59 62 78 85 88 99 103 105 
50 53
15
2 8 15 27 30 36 53 54 62 74 84 88 99 103 105 
53 66
15
2 8 15 24 30 36 53 61 63 74 80 88 99 105 106 
66 69
15
2 13 15 24 30 36 53 61 69 75 86 89 102 105 106 
69 77
13
2 14 15 24 30 33 47 61 69 86 87 102 106 
