12
0 3
15
2 5 12 21 27 30 38 42 47 54 59 65 68 69 71 
3 5
15
1 6 12 18 27 30 37 42 49 54 59 65 68 69 71 
5 11
15
1 6 12 16 27 33 42 45 54 56 59 65 68 71 75 
11 32
15
1 6 14 16 23 33 42 52 54 56 63 64 68 71 75 
32 40
15
1 6 14 19 24 31 34 42 52 56 63 66 68 71 75 
40 43
15
1 4 11 20 24 31 34 43 51 56 60 66 68 74 75 
43 49
15
1 4 13 20 24 32 36 51 55 58 62 66 68 72 73 
49 52
15
0 8 10 22 25 32 41 50 55 58 62 66 68 70 73 
52 58
15
0 8 10 22 26 29 40 48 53 58 62 66 67 70 73 
58 66
15
0 3 9 22 28 29 44 46 53 57 61 66 67 70 73 
66 73
15
0 3 15 17 28 29 35 44 46 53 61 66 67 70 73 
73 77
13
0 7 15 17 28 29 39 46 53 61 66 67 70 
