12
0 5
14
6 12 22 27 29 42 46 55 68 79 85 89 95 101 
5 12
15
8 10 19 27 33 37 50 53 62 71 80 86 89 96 108 
12 17
12
10 20 27 34 37 59 62 76 82 86 89 93 
17 24
15
5 13 20 25 34 41 47 54 62 76 83 88 93 103 106 
24 25
15
7 13 17 26 32 41 49 58 63 72 87 88 94 100 104 
25 31
15
2 13 16 26 35 40 48 52 63 73 87 88 94 105 110 
31 36
15
1 11 16 26 31 40 44 57 66 70 87 88 97 107 109 
36 41
15
3 9 15 26 30 39 43 56 66 74 87 91 97 102 109 
41 50
15
3 9 15 23 28 39 43 56 61 67 81 87 91 97 109 
50 52
15
4 9 21 23 28 39 43 51 65 75 78 84 91 98 109 
52 62
15
0 9 18 23 28 38 43 51 64 69 78 84 91 92 99 
62 70
14
0 14 18 24 28 36 45 60 77 78 84 90 92 99 
