16
0 4
8
1 11 27 35 43 52 63 79 
4 29
8
1 17 27 39 49 60 63 79 
29 35
8
8 13 27 39 49 60 70 79 
35 44
8
6 14 29 40 49 60 73 79 
44 55
8
6 15 23 40 49 51 74 77 
55 69
7
6 16 32 57 71 77 81 
69 80
8
6 16 28 50 61 72 77 81 
80 83
8
0 16 22 45 54 65 77 80 
83 97
8
0 19 26 33 44 54 64 77 
97 98
8
4 18 31 37 44 56 69 75 
98 121
8
2 21 30 37 41 56 68 75 
121 134
8
7 9 24 37 46 58 67 76 
134 140
8
7 20 24 38 47 53 66 76 
140 151
8
7 10 25 36 42 53 66 76 
151 153
8
5 12 25 36 48 55 66 78 
153 162
8
3 25 34 48 59 62 78 82 
