16
0 3
12
6 14 32 37 45 57 64 74 84 94 101 116 
3 4
15
4 11 24 32 37 45 54 57 66 74 84 94 104 109 116 
4 7
15
3 11 27 33 37 45 57 65 76 84 88 102 108 115 120 
7 14
14
3 11 22 33 43 45 57 63 73 84 88 103 112 115 
14 21
15
9 11 22 33 43 47 56 68 73 84 88 106 112 115 123 
21 24
15
9 13 22 33 43 47 51 56 61 73 82 89 106 112 115 
24 27
15
7 13 23 33 43 47 53 56 73 82 95 105 112 115 121 
27 29
15
1 16 28 34 38 47 56 62 73 80 92 97 112 115 117 
29 33
15
8 10 21 30 39 48 55 56 67 73 85 90 97 112 115 
33 42
15
0 10 21 30 44 48 55 56 70 72 86 90 100 107 115 
42 45
15
0 10 21 30 44 48 50 56 71 72 79 90 96 107 114 
45 52
15
0 17 20 30 36 48 50 56 72 79 90 96 107 114 122 
52 65
14
0 15 20 30 36 48 49 56 60 79 90 96 107 114 
65 67
15
0 12 26 31 40 48 59 60 77 81 93 96 113 114 118 
67 70
15
2 19 29 31 42 46 59 69 78 87 93 98 110 114 124 
70 71
14
5 18 25 35 41 52 58 75 83 91 99 111 114 119 
