10
0 9
15
4 8 10 17 29 32 39 42 51 53 58 69 73 81 87 
9 20
15
2 5 10 16 20 28 32 38 41 47 53 58 65 73 75 
20 32
15
2 5 10 16 19 28 32 38 41 46 54 57 64 70 75 
32 47
15
1 5 10 15 19 27 32 38 41 46 54 57 63 70 76 
47 56
15
1 5 9 15 19 27 32 38 40 46 52 56 63 70 76 
56 111
15
0 5 9 15 19 27 32 37 40 45 52 56 63 70 74 
111 113
15
0 7 14 15 23 27 34 37 43 50 52 62 63 71 79 
113 114
15
0 7 11 15 24 31 36 37 43 50 52 61 66 71 78 
114 116
14
3 6 12 30 33 37 43 49 55 59 68 72 82 84 
116 117
15
3 6 13 18 26 30 35 37 44 48 55 60 67 72 84 
