16
0 7
8
4 31 50 57 77 87 101 107 
7 14
11
4 11 26 31 39 57 62 74 84 87 101 
14 21
11
5 13 23 31 40 57 65 74 84 87 101 
21 23
11
5 13 23 34 40 45 57 74 82 101 106 
23 27
12
3 16 23 32 42 45 59 64 74 80 90 97 
27 36
11
2 19 23 42 45 53 74 83 89 95 105 
36 40
11
2 19 25 33 43 45 56 68 69 81 91 
40 42
12
6 17 21 29 41 47 58 66 69 79 94 100 
42 47
12
7 14 27 30 38 48 55 69 78 93 100 104 
47 50
12
8 18 24 30 37 46 54 72 85 88 98 103 
50 57
12
9 24 30 36 44 52 60 72 75 88 98 102 
57 63
12
1 12 22 30 35 44 52 63 72 75 86 96 
63 68
12
0 12 20 28 35 44 51 63 73 75 86 96 
68 71
12
0 10 20 28 35 44 51 61 73 76 86 96 
71 83
12
0 10 20 28 35 44 51 61 70 76 86 96 
83 84
12
0 15 20 28 35 49 51 61 71 76 92 99 
