14
0 3
14
4 13 17 19 26 33 40 47 54 75 79 80 84 103 
3 15
14
0 13 17 19 21 40 48 55 64 75 80 88 91 95 
15 21
14
0 19 22 40 50 55 64 71 72 75 80 88 91 101 
21 32
14
0 9 19 34 40 43 45 50 71 72 73 76 85 91 
36 43
14
2 10 14 16 29 32 57 61 68 74 86 90 93 96 
43 50
14
2 10 14 24 29 32 39 52 57 66 68 77 83 93 
50 57
14
8 10 14 32 35 38 44 51 52 66 67 70 77 98 
57 63
14
12 32 35 38 42 44 49 51 52 63 65 66 67 82 
63 69
14
6 7 11 32 36 38 41 49 51 63 65 66 67 82 
69 76
14
7 32 36 38 41 46 49 51 60 62 65 66 67 92 
76 85
14
7 32 36 38 41 46 49 51 53 60 62 65 66 67 
85 86
13
25 32 36 38 41 49 51 53 58 62 65 67 97 
88 90
14
3 15 20 27 28 30 31 37 56 69 78 81 89 100 
90 113
14
1 5 15 18 20 23 27 28 30 31 56 59 69 81 
