15
0 11
15
0 6 8 11 37 45 49 51 66 79 81 94 105 109 115 
11 25
16
0 6 8 11 37 45 49 52 60 79 91 94 96 109 115 116 
25 27
16
0 6 37 40 45 52 56 72 77 91 94 96 104 106 115 116 
27 30
16
0 6 28 37 40 44 45 52 56 61 65 91 94 106 114 116 
30 35
16
5 6 16 17 24 28 31 33 37 40 44 52 61 71 84 94 
35 36
16
6 13 16 17 23 24 29 31 34 40 46 52 61 67 94 111 
36 47
16
1 17 23 24 29 31 34 40 46 52 55 61 67 88 94 111 
47 48
14
1 9 17 23 34 40 46 52 55 61 88 94 99 102 
49 61
15
4 15 20 27 36 41 54 62 69 86 93 101 107 108 113 
61 63
16
4 7 20 21 32 36 41 58 64 70 86 93 98 101 108 113 
63 76
16
4 10 21 25 32 38 41 42 50 59 64 76 85 92 93 113 
76 86
16
2 10 19 21 25 26 39 42 57 68 74 80 89 92 93 97 
86 95
16
3 14 19 21 25 26 39 42 48 80 87 89 92 93 97 100 
104 109
15
12 22 30 35 43 47 53 63 73 78 83 90 95 103 112 
109 115
13
12 18 22 30 35 43 53 75 82 90 103 110 112 
