10
0 3
16
14 21 24 28 30 38 42 50 56 63 81 93 99 102 103 106 
3 14
16
9 21 28 30 32 38 40 42 46 50 54 56 58 60 67 93 
14 20
16
3 9 15 21 28 32 38 40 42 46 50 54 56 58 59 60 
20 25
16
3 9 15 21 28 32 35 40 42 46 54 56 58 59 60 104 
28 37
16
4 16 19 26 33 37 41 45 53 57 68 77 79 87 89 97 
37 46
16
11 18 23 25 33 34 36 44 47 48 52 53 61 62 77 87 
46 60
16
0 7 11 13 18 23 27 29 34 36 44 48 51 52 62 90 
60 63
16
0 7 10 29 34 36 39 44 51 64 69 70 76 78 90 95 
64 73
16
1 6 12 17 22 31 43 49 55 71 74 80 83 84 96 100 
73 79
16
1 6 12 17 31 43 49 55 71 74 80 83 84 96 100 105 
