12
0 7
14
0 5 9 12 18 27 32 52 63 70 78 87 89 91 
7 18
14
0 5 9 12 15 27 36 52 67 70 78 88 89 91 
18 20
14
0 6 8 9 12 21 27 33 68 70 76 88 89 100 
20 35
14
0 8 9 12 14 26 31 38 44 47 60 68 73 92 
35 38
14
8 10 12 35 39 43 47 60 68 77 81 86 93 98 
38 47
14
25 28 34 37 40 45 47 55 61 68 74 81 84 94 
47 55
14
13 19 22 37 42 48 51 55 61 72 81 83 90 96 
55 64
14
4 17 22 24 29 37 42 51 53 59 61 65 81 95 
64 70
14
17 24 29 37 41 42 54 57 59 61 69 81 95 97 
73 79
14
2 3 16 20 30 50 56 58 62 64 79 80 82 99 
79 89
14
2 3 20 23 46 49 56 58 64 66 71 75 79 80 
89 98
14
1 3 7 11 20 23 46 49 66 71 75 79 80 85 
