11
0 6
12
1 5 23 24 25 28 31 44 45 53 58 91 
7 12
16
3 7 19 27 33 42 49 50 59 60 61 66 70 79 89 90 
12 17
16
3 9 14 17 27 33 41 42 50 59 60 66 67 70 79 92 
17 25
16
3 6 14 17 27 33 40 50 51 60 66 67 70 73 79 92 
25 26
16
3 17 26 27 33 36 43 48 50 55 60 73 83 85 87 92 
27 33
16
20 22 30 37 46 47 52 54 57 62 64 74 77 80 84 88 
33 40
16
0 20 30 37 47 52 54 57 62 64 71 74 77 81 84 94 
40 49
16
8 13 21 37 47 52 54 57 62 63 64 71 74 77 81 84 
49 54
16
13 21 37 47 52 54 57 62 63 64 68 71 74 77 81 84 
54 74
16
11 21 39 47 52 54 57 62 63 64 68 71 74 77 81 84 
74 77
16
2 4 10 11 16 21 34 47 52 57 65 69 76 81 93 95 
