16
0 3
10
3 5 19 27 28 29 31 35 36 52 
3 5
10
5 11 19 27 31 35 52 63 74 82 
5 17
10
2 5 11 24 27 31 52 63 66 82 
17 19
10
2 5 6 11 31 32 63 66 78 82 
19 23
10
2 11 18 22 31 62 65 66 77 82 
24 35
10
1 9 16 26 39 42 49 56 68 80 
35 40
10
0 1 14 20 26 39 42 56 67 80 
40 54
10
0 14 17 20 26 39 42 56 79 80 
54 56
10
15 17 26 39 42 56 64 71 79 80 
62 71
10
4 13 21 25 30 33 41 69 76 81 
71 81
10
7 12 25 33 40 41 51 57 60 69 
81 87
10
7 10 33 38 40 51 57 58 60 70 
87 125
10
38 40 43 44 48 51 54 57 58 59 
135 146
10
34 37 45 46 47 50 53 55 61 73 
146 164
10
8 23 34 37 45 46 47 50 53 55 
164 168
10
23 34 37 45 46 47 50 53 55 75 
