13
0 5
15
2 3 5 9 22 25 33 37 41 47 71 82 109 111 115 
7 12
15
7 17 18 21 23 32 35 36 40 44 45 51 65 95 102 
15 24
14
6 8 11 13 20 29 52 77 81 96 105 116 118 119 
34 43
15
4 28 42 79 84 90 93 94 97 103 106 110 113 120 123 
43 50
15
0 66 79 87 88 93 94 97 100 103 106 110 114 117 120 
50 61
15
0 79 87 88 92 93 94 97 100 103 106 110 114 117 120 
61 70
15
27 79 83 87 88 91 94 97 100 103 107 112 114 117 120 
70 111
15
27 64 83 85 88 91 94 97 100 103 107 112 114 117 120 
111 114
15
43 78 83 85 88 91 94 97 100 103 107 112 114 117 120 
114 123
15
43 78 83 85 88 91 94 97 100 103 107 112 114 117 120 
123 129
15
26 80 83 85 88 91 94 97 100 103 107 112 114 117 120 
129 133
15
24 34 39 72 80 83 85 91 94 97 100 103 112 114 117 
133 134
14
14 15 19 24 31 38 46 50 63 67 69 86 97 117 
