14
0 5
10
6 12 18 20 23 27 40 45 60 70 
5 12
10
6 12 18 20 27 57 61 70 74 76 
12 13
9
2 4 12 18 20 22 50 57 64 
15 20
9
13 17 28 32 37 44 52 77 78 
20 39
8
5 28 32 42 52 54 66 77 
42 57
10
15 38 55 62 65 69 73 75 80 81 
57 66
10
53 56 59 62 63 65 68 69 72 73 
66 89
10
36 53 56 59 62 65 68 69 72 73 
89 90
10
14 53 56 59 62 65 68 69 72 73 
90 120
10
48 53 56 59 62 65 68 69 72 73 
126 148
10
19 34 35 39 46 49 51 58 67 71 
148 177
10
19 25 29 41 43 46 49 51 67 71 
177 180
10
16 19 21 25 29 46 47 49 67 71 
180 183
10
1 7 9 11 19 31 33 46 71 79 
